-1.497225910425186157e-01
7.138016074895858765e-02
5.409276857972145081e-02
-1.521731540560722351e-02
-2.671422995626926422e-02
-1.045496240258216858e-01
-7.819388806819915771e-02
-1.101288050413131714e-01
1.138036325573921204e-01
-5.520199611783027649e-02
2.661272585391998291e-01
-3.712122514843940735e-02
-2.131347060203552246e-01
-1.566073894500732422e-01
-9.376074187457561493e-03
1.753571778535842896e-01
-2.371806651353836060e-01
-8.268857002258300781e-02
8.424285799264907837e-03
2.570222318172454834e-02
2.034749835729598999e-01
4.378709476441144943e-03
-6.485332269221544266e-03
7.343709468841552734e-02
-1.357445567846298218e-01
-3.149859607219696045e-01
-1.451734006404876709e-01
-9.910635650157928467e-02
5.705528333783149719e-02
-3.453704714775085449e-02
-5.593010783195495605e-02
-9.021153301000595093e-02
-1.929555535316467285e-01
-9.077240526676177979e-02
2.134954370558261871e-02
6.404274702072143555e-02
3.095602244138717651e-02
-6.406962871551513672e-02
1.373576670885086060e-01
-3.306759893894195557e-02
-2.138039320707321167e-01
1.980303414165973663e-02
5.577661469578742981e-02
1.909688860177993774e-01
1.554052233695983887e-01
7.933972030878067017e-02
3.982358425855636597e-02
-1.466474533081054688e-01
8.702520281076431274e-02
-1.863652169704437256e-01
5.930142849683761597e-02
1.442865580320358276e-01
8.850389719009399414e-02
9.676110744476318359e-02
-5.844749510288238525e-03
-1.656149625778198242e-01
-2.584690228104591370e-04
1.268337965011596680e-01
-2.249055951833724976e-01
1.830193027853965759e-02
5.319967865943908691e-02
-3.619799762964248657e-02
1.995685510337352753e-02
-2.897286228835582733e-02
1.899044364690780640e-01
7.515420764684677124e-02
-1.732380390167236328e-01
-1.732615381479263306e-01
9.908930212259292603e-02
-1.707954406738281250e-01
-5.830110237002372742e-02
4.340113699436187744e-02
-1.260036081075668335e-01
-1.962571293115615845e-01
-3.922106027603149414e-01
3.039077669382095337e-02
3.936563730239868164e-01
7.123643904924392700e-02
-2.111635506153106689e-01
4.654661193490028381e-02
-1.124989539384841919e-01
-2.769482694566249847e-02
1.123425513505935669e-01
1.332058608531951904e-01
5.621297657489776611e-02
3.880555555224418640e-02
-1.141633167862892151e-01
1.345337741076946259e-02
1.652407199144363403e-01
-8.453883975744247437e-02
4.022416472434997559e-02
2.265274524688720703e-01
2.368069812655448914e-02
8.780159056186676025e-02
1.714673824608325958e-02
1.275705099105834961e-01
-9.364798665046691895e-02
1.599063351750373840e-02
-6.136646121740341187e-02
3.343913704156875610e-02
2.989647909998893738e-04
1.674180105328559875e-02
2.041064761579036713e-02
9.051928669214248657e-02
-1.173528358340263367e-01
1.331729143857955933e-01
6.400352716445922852e-02
-2.562811970710754395e-02
-4.524740949273109436e-02
-1.668399386107921600e-02
-1.103221327066421509e-01
-9.275185316801071167e-02
7.530709356069564819e-02
-2.417354285717010498e-01
2.407281249761581421e-01
1.947515457868576050e-01
4.163557663559913635e-02
1.557892560958862305e-01
5.844641104340553284e-02
9.807114303112030029e-02
-3.508298471570014954e-02
-4.699864238500595093e-02
-1.552870124578475952e-01
-1.406671758741140366e-02
4.361685365438461304e-02
-2.947077155113220215e-02
7.263465225696563721e-02
-7.255931850522756577e-03
