-1.135828047990798950e-01
9.435711801052093506e-02
1.053517460823059082e-01
-7.291146367788314819e-02
-2.352423965930938721e-02
-8.084344863891601562e-02
-3.684740886092185974e-02
-1.942336857318878174e-01
8.643596619367599487e-02
-1.256276816129684448e-01
3.174487948417663574e-01
-4.515587538480758667e-02
-1.592272073030471802e-01
-1.488997489213943481e-01
3.676781430840492249e-02
1.414010375738143921e-01
-1.826750934123992920e-01
-1.023048833012580872e-01
-7.792428880929946899e-02
-6.970249116420745850e-03
8.600299060344696045e-02
-6.611058115959167480e-02
1.005840003490447998e-01
3.690095990896224976e-02
-1.430640220642089844e-01
-4.097529649734497070e-01
-9.592494368553161621e-02
-1.085541248321533203e-01
7.395439594984054565e-02
-2.286823838949203491e-02
-4.200372099876403809e-02
1.606768346391618252e-04
-2.214302122592926025e-01
-1.079820096492767334e-03
-6.629955768585205078e-02
1.186920516192913055e-02
-5.131372064352035522e-02
-5.840296670794487000e-02
2.232921719551086426e-01
-4.606026411056518555e-02
-2.380650192499160767e-01
4.050314426422119141e-02
-2.179333195090293884e-02
1.892551630735397339e-01
2.351981997489929199e-01
4.855091869831085205e-02
5.906364694237709045e-02
-8.062035590410232544e-02
8.072972297668457031e-02
-2.034019082784652710e-01
1.203233152627944946e-01
9.868140518665313721e-02
9.367050230503082275e-02
5.140158347785472870e-03
2.192482352256774902e-02
-1.329909116029739380e-01
1.208795979619026184e-02
1.093174815177917480e-01
-2.226819247007369995e-01
1.366792712360620499e-02
6.339262425899505615e-02
-8.405373990535736084e-02
-3.997956216335296631e-02
-5.762020591646432877e-03
2.607584893703460693e-01
1.517222821712493896e-01
-1.409142166376113892e-01
-4.023330658674240112e-02
1.535990983247756958e-01
-7.361862063407897949e-02
5.757654458284378052e-02
3.088086098432540894e-02
-1.695277541875839233e-01
-2.248083353042602539e-01
-2.578487694263458252e-01
7.788670063018798828e-02
3.665616810321807861e-01
1.012070775032043457e-01
-2.149187624454498291e-01
-7.146283052861690521e-03
-1.144179478287696838e-01
4.091822355985641479e-02
1.655461043119430542e-01
7.131385058164596558e-02
-5.181588232517242432e-02
-5.641053617000579834e-02
-9.711371362209320068e-02
6.022012233734130859e-02
1.386208534240722656e-01
-6.822697073221206665e-02
-4.155141487717628479e-02
2.886379957199096680e-01
-1.613259688019752502e-02
1.372416038066148758e-02
-2.751228399574756622e-03
3.399423137307167053e-02
-7.417930662631988525e-02
4.128225892782211304e-02
-9.490993618965148926e-02
2.299228683114051819e-02
8.892180770635604858e-02
-1.026314683258533478e-03
-8.057987317442893982e-03
9.905232489109039307e-02
-1.778629869222640991e-01
1.261867433786392212e-01
1.529644709080457687e-02
2.420450374484062195e-02
7.789839804172515869e-02
-5.635326728224754333e-02
-7.799151539802551270e-02
-1.185025423765182495e-01
5.441944673657417297e-02
-2.315394729375839233e-01
2.061443626880645752e-01
1.910732835531234741e-01
3.287307545542716980e-02
1.716964244842529297e-01
8.665645122528076172e-02
3.295449167490005493e-02
2.933824993669986725e-02
-4.125519096851348877e-02
-2.172691822052001953e-01
3.933231532573699951e-02
1.704161018133163452e-01
-6.031344644725322723e-03
1.011836454272270203e-01
2.035284042358398438e-02
