-9.175033122301101685e-02
9.686475992202758789e-02
-5.713031813502311707e-02
-1.303568184375762939e-01
-1.115070208907127380e-01
-5.489926319569349289e-03
-8.247094601392745972e-02
-1.437492668628692627e-01
1.105266958475112915e-01
-8.860540390014648438e-02
2.542170882225036621e-01
-6.756363809108734131e-02
-2.390566468238830566e-01
-1.162018030881881714e-01
-4.382297396659851074e-02
1.512482762336730957e-01
-2.045352607965469360e-01
-1.657595783472061157e-01
-5.386216565966606140e-03
2.694915421307086945e-02
1.053425744175910950e-01
-4.116630181670188904e-03
-1.854994706809520721e-02
1.106276512145996094e-01
-1.169632747769355774e-01
-2.789249420166015625e-01
-1.078460589051246643e-01
-8.903682231903076172e-02
-2.213282138109207153e-02
-9.505366533994674683e-02
-1.107534579932689667e-02
-1.622525416314601898e-02
-2.066724747419357300e-01
-3.245646506547927856e-02
4.371237382292747498e-02
7.064232230186462402e-02
-5.733416415750980377e-03
-2.275057695806026459e-02
1.985930204391479492e-01
-8.886886760592460632e-03
-2.845599949359893799e-01
1.166616082191467285e-01
8.447631448507308960e-02
2.525567412376403809e-01
1.524184644222259521e-01
8.958500623703002930e-02
-3.345495462417602539e-02
-1.629704535007476807e-01
1.555643975734710693e-01
-1.537772864103317261e-01
7.355105131864547729e-02
1.876128315925598145e-01
1.168202981352806091e-01
4.321733489632606506e-03
-5.379679799079895020e-02
-1.648242920637130737e-01
4.875481873750686646e-02
8.985150605440139771e-02
-1.765509545803070068e-01
3.672656603157520294e-03
1.238391026854515076e-01
-6.714293360710144043e-02
1.911466196179389954e-02
-6.754252314567565918e-02
2.025074064731597900e-01
4.334115982055664062e-02
-1.467753499746322632e-01
-2.075677812099456787e-01
8.341359347105026245e-02
-1.625491529703140259e-01
-1.093533262610435486e-01
1.340532302856445312e-01
-1.650410592555999756e-01
-2.056074589490890503e-01
-3.348758816719055176e-01
2.282064035534858704e-02
4.154864847660064697e-01
1.295993179082870483e-01
-1.920875310897827148e-01
5.351641401648521423e-02
-5.749751999974250793e-02
1.614976488053798676e-02
1.327606141567230225e-01
1.446664482355117798e-01
-1.319615636020898819e-02
1.738715916872024536e-02
-1.389948278665542603e-01
6.901633925735950470e-03
2.485420405864715576e-01
-6.098936498165130615e-02
-4.395135492086410522e-02
2.298222333192825317e-01
4.358918964862823486e-02
1.386507749557495117e-01
1.801052317023277283e-02
5.866310372948646545e-02
-6.738993525505065918e-02
6.417621392756700516e-03
-1.240131184458732605e-01
1.210620813071727753e-02
-2.805344946682453156e-02
2.593601495027542114e-02
-9.007221087813377380e-03
1.384028643369674683e-01
-1.484034359455108643e-01
1.579760015010833740e-01
2.622185647487640381e-02
4.759157076478004456e-03
-7.484816014766693115e-02
4.544376209378242493e-02
-6.829468160867691040e-02
-6.923374533653259277e-02
8.772874623537063599e-02
-2.576719224452972412e-01
2.162552326917648315e-01
1.582236140966415405e-01
1.394192278385162354e-01
7.955493777990341187e-02
1.574015617370605469e-01
3.664244338870048523e-02
-2.912186086177825928e-02
-4.660938680171966553e-02
-2.374223619699478149e-01
-4.565399140119552612e-02
1.074906587600708008e-01
-4.373643174767494202e-02
1.855189353227615356e-01
-9.887400083243846893e-04
