-9.851799160242080688e-02
1.097820177674293518e-01
7.353231310844421387e-02
-1.041898727416992188e-01
-7.417628914117813110e-02
-7.491043210029602051e-02
-6.134603172540664673e-02
-1.512472480535507202e-01
1.259507834911346436e-01
-1.490597724914550781e-01
2.972875237464904785e-01
-8.720713108777999878e-02
-2.162369787693023682e-01
-3.951108455657958984e-02
-8.069133013486862183e-02
1.850107610225677490e-01
-1.712523102760314941e-01
-1.040250808000564575e-01
1.678252220153808594e-02
-1.477433368563652039e-03
8.402446657419204712e-02
-1.786868460476398468e-02
3.034826368093490601e-02
8.226948976516723633e-02
-3.242965787649154663e-02
-3.247643113136291504e-01
-1.777718365192413330e-01
-1.170233339071273804e-01
6.319043040275573730e-02
-3.771916404366493225e-02
8.387859910726547241e-03
-1.035707071423530579e-02
-1.721601039171218872e-01
1.698868721723556519e-02
-2.370199933648109436e-02
1.372797973453998566e-02
-7.173184305429458618e-03
-7.704109698534011841e-02
2.233179211616516113e-01
1.404048874974250793e-03
-1.918427944183349609e-01
3.596344497054815292e-03
7.850097492337226868e-03
1.991695314645767212e-01
1.017561182379722595e-01
5.405021458864212036e-02
5.048693716526031494e-02
-1.226023137569427490e-01
5.029071122407913208e-02
-8.039926737546920776e-02
7.467259466648101807e-02
9.712589532136917114e-02
1.420909315347671509e-01
5.271892994642257690e-03
2.179954200983047485e-02
-2.008170187473297119e-01
-6.968428380787372589e-03
1.130392700433731079e-01
-1.619283854961395264e-01
3.333056345582008362e-02
1.903630048036575317e-02
-4.005517810583114624e-03
-1.985140517354011536e-02
-8.413138240575790405e-02
2.979082763195037842e-01
9.410406649112701416e-02
-1.423780471086502075e-01
-1.421970725059509277e-01
2.386018782854080200e-01
-1.041452735662460327e-01
-2.137266471982002258e-02
9.760272502899169922e-02
-1.811841726303100586e-01
-1.545253247022628784e-01
-2.044122815132141113e-01
3.003307804465293884e-02
3.997131884098052979e-01
6.791848689317703247e-02
-1.780714392662048340e-01
2.822076529264450073e-02
-8.426291495561599731e-02
-5.429838597774505615e-02
5.749738961458206177e-02
1.298192441463470459e-01
-2.813664078712463379e-02
4.684830084443092346e-03
-5.924624204635620117e-02
-2.962533384561538696e-02
1.836922019720077515e-01
-8.152154088020324707e-02
-5.459716171026229858e-02
2.054221630096435547e-01
-5.749385058879852295e-02
9.169539064168930054e-02
-2.699501812458038330e-02
-6.426061689853668213e-02
-4.965332522988319397e-02
2.151838876307010651e-02
-8.232360333204269409e-02
-2.120927348732948303e-02
-4.440639540553092957e-02
-4.948912560939788818e-02
-9.303767979145050049e-02
9.251580387353897095e-02
-1.641268432140350342e-01
6.883215904235839844e-02
4.046695306897163391e-02
-2.872438356280326843e-02
-5.405050516128540039e-02
8.750636130571365356e-02
-1.460439413785934448e-01
-7.336293160915374756e-02
1.720232218503952026e-01
-2.501293122768402100e-01
2.419168055057525635e-01
1.653754562139511108e-01
7.258133590221405029e-02
1.120965033769607544e-01
1.116208732128143311e-01
8.829476684331893921e-02
3.785705566406250000e-02
-6.829487532377243042e-02
-2.143316715955734253e-01
-1.762593165040016174e-02
1.372616142034530640e-01
-8.549512922763824463e-02
9.623062610626220703e-02
8.633621968328952789e-03
