-1.397349685430526733e-01
7.867395877838134766e-02
5.706781148910522461e-02
-2.934225648641586304e-02
-7.658316940069198608e-02
-1.246398687362670898e-01
-1.177016794681549072e-01
-1.386173665523529053e-01
9.869237989187240601e-02
-5.382579565048217773e-02
2.119783163070678711e-01
-4.065551981329917908e-02
-1.444254815578460693e-01
-1.057976558804512024e-01
-8.098086342215538025e-03
1.393849551677703857e-01
-1.681064367294311523e-01
-1.180937439203262329e-01
-3.598617389798164368e-03
-1.939783990383148193e-02
1.050146669149398804e-01
-2.971572615206241608e-02
6.327433884143829346e-02
9.929896146059036255e-02
-1.406850218772888184e-01
-3.298722207546234131e-01
-1.182998195290565491e-01
-9.491724520921707153e-02
9.210884571075439453e-02
-5.151610821485519409e-02
-5.271578952670097351e-02
-3.927884623408317566e-02
-1.941805481910705566e-01
-7.826749980449676514e-02
3.798707202076911926e-02
5.620795488357543945e-02
2.612647600471973419e-02
-2.650464884936809540e-02
2.223595529794692993e-01
-2.042191848158836365e-02
-2.880892157554626465e-01
8.036503195762634277e-02
4.084786027669906616e-02
2.116349339485168457e-01
1.761247813701629639e-01
1.251749545335769653e-01
4.837951809167861938e-02
-1.159499883651733398e-01
1.366678178310394287e-01
-1.334592700004577637e-01
1.195556372404098511e-01
1.396629214286804199e-01
9.373750537633895874e-02
-9.880115278065204620e-03
3.137321211397647858e-03
-1.475307047367095947e-01
-7.088452577590942383e-03
1.381912529468536377e-01
-2.051619440317153931e-01
5.523502081632614136e-02
7.214342057704925537e-02
-5.747091770172119141e-02
3.172700852155685425e-02
-3.883878141641616821e-02
1.943416744470596313e-01
1.195937171578407288e-01
-9.175164252519607544e-02
-1.696871519088745117e-01
1.376822888851165771e-01
-1.833380311727523804e-01
-5.370193719863891602e-02
1.045595407485961914e-01
-1.326146423816680908e-01
-1.638275235891342163e-01
-3.544338941574096680e-01
1.956933550536632538e-02
4.165141582489013672e-01
9.876456111669540405e-02
-1.652900874614715576e-01
3.514513745903968811e-02
-2.794229425489902496e-02
-6.262442097067832947e-03
1.197898760437965393e-01
1.431283652782440186e-01
-5.450536683201789856e-02
1.643115840852260590e-02
-5.288610234856605530e-02
-2.576611936092376709e-02
2.261089086532592773e-01
-4.750240594148635864e-03
-5.261195078492164612e-02
1.795474290847778320e-01
2.864806354045867920e-02
1.098183766007423401e-01
1.810601912438869476e-02
3.983123600482940674e-02
-8.667078614234924316e-02
-1.462222542613744736e-02
-8.943497389554977417e-02
-9.456801228225231171e-03
-1.929058693349361420e-02
2.905897796154022217e-02
3.342993184924125671e-02
1.260588914155960083e-01
-1.780070811510086060e-01
1.062180176377296448e-01
1.404966227710247040e-03
-2.444555237889289856e-02
-4.651914909482002258e-02
1.146961823105812073e-01
-6.409944593906402588e-02
-1.106895133852958679e-01
7.050459831953048706e-02
-2.234579026699066162e-01
2.428109496831893921e-01
2.197248488664627075e-01
8.990856260061264038e-02
1.083115860819816589e-01
8.574176579713821411e-02
4.066618904471397400e-02
2.367255464196205139e-02
1.843967288732528687e-02
-1.313349157571792603e-01
-2.905993163585662842e-02
9.701959788799285889e-02
-7.330335676670074463e-02
1.595877408981323242e-01
2.518702112138271332e-02
