-7.425892353057861328e-02
-9.275665506720542908e-04
-3.982093650847673416e-03
-9.170708805322647095e-02
-3.493713960051536560e-02
-8.612397313117980957e-02
-2.983447909355163574e-02
-1.070162579417228699e-01
1.122725531458854675e-01
-7.010625302791595459e-02
2.451359331607818604e-01
-3.574541583657264709e-02
-1.535287052392959595e-01
-1.765747964382171631e-01
-2.607628703117370605e-02
1.319100260734558105e-01
-1.824023276567459106e-01
-1.097038835287094116e-01
-8.343272656202316284e-02
-6.553427781909704208e-03
1.005961298942565918e-01
3.549715876579284668e-02
-8.121106773614883423e-03
2.447157353162765503e-02
-9.416580200195312500e-02
-3.427830934524536133e-01
-7.989266514778137207e-02
-6.501823663711547852e-02
1.068990118801593781e-02
3.837977536022663116e-03
-1.639702171087265015e-02
7.431355118751525879e-02
-2.281728982925415039e-01
-7.600849866867065430e-02
6.899265944957733154e-02
1.324065476655960083e-01
-3.389536961913108826e-02
-1.361654140055179596e-02
1.632335782051086426e-01
3.956633433699607849e-02
-2.117554992437362671e-01
1.130073443055152893e-01
3.547432646155357361e-02
2.404759228229522705e-01
2.213411331176757812e-01
2.612511813640594482e-02
2.230226248502731323e-02
-1.638664007186889648e-01
1.867606043815612793e-01
-1.383869946002960205e-01
-5.414590239524841309e-03
1.936487108469009399e-01
1.188250705599784851e-01
8.489186316728591919e-02
-1.903993636369705200e-02
-7.424037903547286987e-02
6.671413779258728027e-02
8.903053402900695801e-02
-1.642184406518936157e-01
-2.650029258802533150e-03
8.796247839927673340e-02
-8.024257421493530273e-02
-2.489721775054931641e-02
-7.070229947566986084e-02
1.707954704761505127e-01
-2.960394136607646942e-03
-1.456744074821472168e-01
-2.052972465753555298e-01
9.536532312631607056e-02
-1.598292589187622070e-01
-8.775126934051513672e-02
9.498202055692672729e-02
-1.877885609865188599e-01
-1.787346452474594116e-01
-3.187435567378997803e-01
3.973085433244705200e-02
3.629301488399505615e-01
9.170853346586227417e-02
-2.055360227823257446e-01
6.125755235552787781e-02
-1.026903614401817322e-01
2.709351107478141785e-02
1.529711484909057617e-01
1.447045952081680298e-01
2.818595618009567261e-02
5.167830735445022583e-02
-9.157901257276535034e-02
-1.188450492918491364e-03
2.293415218591690063e-01
-6.273519247770309448e-02
-4.383417218923568726e-02
2.452310770750045776e-01
2.876487001776695251e-02
1.469471752643585205e-01
2.072901278734207153e-02
-1.291339285671710968e-03
-3.482989966869354248e-02
3.694003447890281677e-02
-1.210248097777366638e-01
1.191813312470912933e-02
1.657679304480552673e-02
-1.528294105082750320e-02
3.412613645195960999e-02
8.472322672605514526e-02
-9.625153988599777222e-02
1.728219240903854370e-01
1.086567994207143784e-03
1.053937599062919617e-01
2.521497197449207306e-02
-2.334124594926834106e-02
-6.736944615840911865e-02
-8.487825840711593628e-02
6.916707009077072144e-02
-2.245592921972274780e-01
2.347474247217178345e-01
1.739963442087173462e-01
1.088304743170738220e-01
8.045836538076400757e-02
1.302532106637954712e-01
5.567038059234619141e-02
-5.156116187572479248e-02
-2.702712081372737885e-03
-2.075014710426330566e-01
4.694227594882249832e-03
5.733565613627433777e-02
2.531455457210540771e-02
8.823990821838378906e-02
-2.988732606172561646e-02
