-8.901035785675048828e-02
7.510781288146972656e-02
4.178415238857269287e-02
-5.070336908102035522e-02
-4.642940685153007507e-02
-3.017637878656387329e-02
-9.608090668916702271e-02
-1.600277274847030640e-01
1.584451347589492798e-01
-1.378866881132125854e-01
1.677212119102478027e-01
-3.864258527755737305e-02
-1.858013868331909180e-01
-1.067443266510963440e-01
-2.125082910060882568e-02
1.949374526739120483e-01
-2.627338767051696777e-01
-1.390648037195205688e-01
-3.916410356760025024e-02
-4.366821795701980591e-02
4.732129722833633423e-02
-1.541786640882492065e-02
-8.269065991044044495e-03
9.426515549421310425e-03
-1.254949569702148438e-01
-3.832395970821380615e-01
-1.016988903284072876e-01
-8.905939757823944092e-02
-2.277296781539916992e-02
-3.991250693798065186e-02
-7.886256277561187744e-02
6.753473728895187378e-02
-1.548096686601638794e-01
-5.114622414112091064e-02
1.331765949726104736e-02
8.234024047851562500e-02
-1.462721638381481171e-02
-4.272824153304100037e-02
1.490960419178009033e-01
-1.671706512570381165e-02
-1.786887496709823608e-01
8.628925681114196777e-02
5.779137834906578064e-02
2.370665818452835083e-01
2.025573849678039551e-01
2.143061719834804535e-02
3.144418820738792419e-02
-1.267505586147308350e-01
1.725704222917556763e-01
-1.139340251684188843e-01
-2.519225887954235077e-02
1.542353332042694092e-01
6.035368889570236206e-02
9.517389535903930664e-02
4.845982789993286133e-02
-1.011765748262405396e-01
6.555775180459022522e-03
8.568271994590759277e-02
-1.081305891275405884e-01
3.359108045697212219e-02
9.128148853778839111e-02
-8.481709659099578857e-02
-2.981083095073699951e-02
-9.516490250825881958e-02
2.090521305799484253e-01
5.776473134756088257e-02
-1.212044730782508850e-01
-1.903907209634780884e-01
8.303833752870559692e-02
-9.072754532098770142e-02
-1.058736443519592285e-01
-1.573446393013000488e-02
-1.789492219686508179e-01
-1.695265173912048340e-01
-2.906105220317840576e-01
7.070327177643775940e-03
3.327233493328094482e-01
8.528727293014526367e-02
-2.001596391201019287e-01
6.822669506072998047e-02
-4.940149933099746704e-02
-3.688353672623634338e-02
1.441263109445571899e-01
1.414026767015457153e-01
1.724313944578170776e-03
3.538617864251136780e-02
-4.773211106657981873e-02
2.035691589117050171e-02
2.194353193044662476e-01
-3.118944540619850159e-02
-3.593554347753524780e-02
1.781783998012542725e-01
-3.840241581201553345e-02
9.327185153961181641e-02
4.123506136238574982e-03
1.325171533972024918e-02
-1.013454124331474304e-01
7.109301537275314331e-02
-1.554807424545288086e-01
-1.663726754486560822e-02
7.199913263320922852e-02
-3.500188887119293213e-02
6.343930959701538086e-03
7.847951352596282959e-02
-1.013291776180267334e-01
1.495691984891891479e-01
1.958731375634670258e-02
9.851221740245819092e-02
1.946348138153553009e-02
3.691342473030090332e-02
-1.472927629947662354e-01
-2.505686506628990173e-02
1.382284611463546753e-01
-2.298266738653182983e-01
2.421150654554367065e-01
1.939141601324081421e-01
6.091884896159172058e-02
9.573220461606979370e-02
1.103655248880386353e-01
6.337761878967285156e-02
-4.811282455921173096e-02
4.230083897709846497e-02
-2.034142911434173584e-01
-3.247572854161262512e-02
1.085923612117767334e-01
2.090667933225631714e-02
9.418575465679168701e-02
1.060891989618539810e-02
