-1.287149935960769653e-01
9.116516262292861938e-02
-9.158743545413017273e-03
-1.462582778185606003e-02
-4.982451349496841431e-02
-5.182189494371414185e-02
-5.016176030039787292e-02
-1.294945925474166870e-01
1.336153894662857056e-01
-4.059122130274772644e-02
2.382686585187911987e-01
-6.719065457582473755e-02
-1.738914102315902710e-01
-1.337196081876754761e-01
-3.009638562798500061e-02
2.090521007776260376e-01
-2.032059133052825928e-01
-1.458412706851959229e-01
-7.972243428230285645e-02
-3.537780791521072388e-02
1.046070083975791931e-01
3.238529665395617485e-03
-4.694213718175888062e-02
5.743173137307167053e-02
-9.845742583274841309e-02
-3.984520733356475830e-01
-8.750730007886886597e-02
-9.058380126953125000e-02
6.147868931293487549e-02
-4.785390943288803101e-02
-3.557274863123893738e-02
5.315307527780532837e-02
-2.166894078254699707e-01
-1.364711970090866089e-01
6.138084083795547485e-02
9.973371028900146484e-02
-5.943877249956130981e-02
-4.199504852294921875e-02
2.042935788631439209e-01
-1.774535141885280609e-02
-1.934668272733688354e-01
3.108935803174972534e-02
9.193436801433563232e-02
2.526633441448211670e-01
1.645982116460800171e-01
5.606769770383834839e-02
5.457955598831176758e-02
-1.313013285398483276e-01
9.937601536512374878e-02
-1.212097927927970886e-01
5.850499495863914490e-03
1.872762441635131836e-01
7.214615494012832642e-02
1.214248314499855042e-01
1.212906185537576675e-02
-1.124586015939712524e-01
2.422554418444633484e-02
1.210946589708328247e-01
-1.752217411994934082e-01
1.031748205423355103e-02
1.128880083560943604e-01
-9.731554239988327026e-02
-2.491433732211589813e-02
-8.239588141441345215e-02
2.410172224044799805e-01
4.338956996798515320e-02
-9.434886276721954346e-02
-1.982574015855789185e-01
1.400626301765441895e-01
-1.074499562382698059e-01
-8.457425236701965332e-02
9.788985364139080048e-03
-1.292878985404968262e-01
-1.656739860773086548e-01
-3.323298394680023193e-01
2.140594646334648132e-02
3.845441043376922607e-01
7.555133104324340820e-02
-1.848649382591247559e-01
9.545797109603881836e-02
-6.872565299272537231e-02
-5.462836474180221558e-02
1.582774668931961060e-01
9.950172156095504761e-02
1.261784322559833527e-02
2.401557564735412598e-02
-8.069780468940734863e-02
9.476636536419391632e-03
2.160766124725341797e-01
5.241247825324535370e-03
1.225581509061157703e-03
1.624727696180343628e-01
-2.546329423785209656e-02
6.817836314439773560e-02
5.155822634696960449e-02
3.776647523045539856e-02
-1.157725378870964050e-01
4.395086318254470825e-02
-1.237445995211601257e-01
-2.626371383666992188e-02
2.593499422073364258e-02
7.215077057480812073e-03
4.213656857609748840e-02
9.580166637897491455e-02
-7.469414919614791870e-02
1.519146412611007690e-01
1.981730386614799500e-02
9.822260588407516479e-02
-1.481193304061889648e-02
3.780019935220479965e-03
-1.253450065851211548e-01
-5.911025032401084900e-02
1.229806318879127502e-01
-1.931938827037811279e-01
2.520524859428405762e-01
1.314010024070739746e-01
3.467644378542900085e-02
9.809418022632598877e-02
1.496082842350006104e-01
8.306061476469039917e-02
-5.035019293427467346e-02
-1.146499812602996826e-02
-2.736948728561401367e-01
-5.292967893183231354e-03
1.081901043653488159e-01
-1.406808011233806610e-02
1.141411215066909790e-01
1.178386993706226349e-02
