-2.032153159379959106e-01
1.268940865993499756e-01
6.871772557497024536e-02
-2.413389272987842560e-02
-1.279579848051071167e-01
-7.609169930219650269e-02
-5.764403939247131348e-02
-1.764740645885467529e-01
1.795859634876251221e-01
-1.228724271059036255e-01
2.234404087066650391e-01
-6.208807602524757385e-02
-1.617225110530853271e-01
-2.802767977118492126e-02
-6.584806740283966064e-02
1.997689753770828247e-01
-1.797187924385070801e-01
-1.330604702234268188e-01
-5.614178627729415894e-02
-8.738592267036437988e-02
3.582726046442985535e-02
-7.608082611113786697e-03
4.810007289052009583e-02
6.536137312650680542e-02
-7.943665981292724609e-02
-2.681534588336944580e-01
-1.053026691079139709e-01
-7.141000777482986450e-02
1.344363950192928314e-02
-5.994367972016334534e-02
-1.969253458082675934e-02
-1.532360073179006577e-02
-1.638735085725784302e-01
-6.383270770311355591e-02
3.157959505915641785e-02
1.210973113775253296e-01
-3.258926421403884888e-02
-1.737585663795471191e-02
2.214170694351196289e-01
-6.230248138308525085e-02
-1.954010725021362305e-01
2.625012770295143127e-02
9.920035302639007568e-02
2.416029274463653564e-01
1.680807918310165405e-01
7.706337422132492065e-02
-1.203042827546596527e-02
-2.129248082637786865e-01
1.374185532331466675e-01
-8.360775560140609741e-02
8.271734416484832764e-02
1.215886250138282776e-01
1.331176012754440308e-01
3.437157720327377319e-02
2.898046374320983887e-02
-1.618539541959762573e-01
2.251358702778816223e-02
1.613540351390838623e-01
-1.445044130086898804e-01
3.431967273354530334e-02
1.425786912441253662e-01
-4.810802638530731201e-02
-2.741899341344833374e-02
-9.979932755231857300e-02
2.730893194675445557e-01
1.225411221385002136e-01
-1.151681095361709595e-01
-1.662924438714981079e-01
1.545558422803878784e-01
-1.241014599800109863e-01
-9.044527262449264526e-02
7.714486122131347656e-02
-1.138018369674682617e-01
-1.973616778850555420e-01
-2.702318429946899414e-01
-8.062124252319335938e-04
4.753652513027191162e-01
1.042530983686447144e-01
-2.018909752368927002e-01
-1.501562073826789856e-03
-2.275195904076099396e-02
-6.589266657829284668e-02
9.301135689020156860e-02
1.657948791980743408e-01
-1.182023957371711731e-01
1.356439199298620224e-02
-7.846705615520477295e-02
-2.639967389404773712e-02
2.115497291088104248e-01
6.696721538901329041e-03
-4.488569498062133789e-02
1.635895967483520508e-01
4.099143669009208679e-02
6.102807819843292236e-02
1.519528403878211975e-02
-2.322992309927940369e-02
-1.135659590363502502e-01
4.081252217292785645e-02
-1.782356053590774536e-01
-8.685742318630218506e-02
-5.186188220977783203e-02
-4.707317054271697998e-02
-8.716716431081295013e-03
5.508572980761528015e-02
-1.584814041852951050e-01
1.715402603149414062e-01
2.516031451523303986e-02
7.010425440967082977e-03
-8.777460455894470215e-02
5.103964358568191528e-02
-9.107580035924911499e-02
-1.212356612086296082e-02
1.798648387193679810e-01
-2.150246351957321167e-01
2.010516375303268433e-01
1.392378360033035278e-01
9.069534391164779663e-02
1.799868494272232056e-01
1.356014907360076904e-01
1.493521034717559814e-01
6.324626971036195755e-03
3.936765715479850769e-02
-1.644085198640823364e-01
5.275392439216375351e-03
9.916638582944869995e-02
-9.656544029712677002e-02
2.218435704708099365e-01
8.371058106422424316e-02
