-1.289122998714447021e-01
1.198458597064018250e-01
2.266828902065753937e-02
-2.067934349179267883e-02
-8.214493095874786377e-02
-6.114840134978294373e-02
8.129924535751342773e-04
-1.279928535223007202e-01
1.162220612168312073e-01
-5.884769931435585022e-02
3.260945677757263184e-01
-5.516153201460838318e-02
-1.540727764368057251e-01
-1.496758311986923218e-01
6.511671468615531921e-03
1.917393952608108521e-01
-2.445463240146636963e-01
-5.513549596071243286e-02
-2.044950611889362335e-03
7.499461993575096130e-03
1.231364980340003967e-01
-5.359473451972007751e-02
3.508569672703742981e-02
8.474399149417877197e-02
-7.410853356122970581e-02
-3.794804215431213379e-01
-1.076133325695991516e-01
-1.437609344720840454e-01
9.232868254184722900e-02
-5.928616225719451904e-02
-1.106725353747606277e-02
-2.342077903449535370e-03
-1.845440268516540527e-01
-7.684411108493804932e-02
-1.123006269335746765e-02
9.064702317118644714e-03
-3.089014440774917603e-02
-4.707623273134231567e-02
2.060304433107376099e-01
-7.598893344402313232e-02
-2.223349064588546753e-01
5.102398619055747986e-02
5.418376997113227844e-02
2.360021919012069702e-01
1.459595710039138794e-01
7.096914201974868774e-02
3.860488533973693848e-02
-1.109150499105453491e-01
1.244839578866958618e-01
-1.390422582626342773e-01
8.027151226997375488e-02
9.445907920598983765e-02
1.495398133993148804e-01
1.210502535104751587e-02
-2.386866137385368347e-02
-1.388572156429290771e-01
7.522858679294586182e-03
1.029826849699020386e-01
-2.214163094758987427e-01
5.027872696518898010e-02
1.258226335048675537e-01
-5.176493898034095764e-02
6.556618027389049530e-03
-6.713922321796417236e-02
2.646853923797607422e-01
1.012425124645233154e-01
-1.427099555730819702e-01
-1.285479217767715454e-01
1.166984811425209045e-01
-1.197047829627990723e-01
-4.610408563166856766e-03
5.669920518994331360e-02
-1.580554544925689697e-01
-2.176234126091003418e-01
-2.957587540149688721e-01
5.070912837982177734e-02
3.835405111312866211e-01
1.020813509821891785e-01
-1.683108210563659668e-01
-2.229200676083564758e-02
-1.091214269399642944e-01
2.310354262590408325e-03
1.302367448806762695e-01
1.432006806135177612e-01
-9.780131280422210693e-03
-5.096739530563354492e-02
-1.029468178749084473e-01
1.006205845624208450e-02
1.715603917837142944e-01
-6.989700347185134888e-02
-1.820178143680095673e-02
2.633259892463684082e-01
-1.595542393624782562e-02
6.991381198167800903e-02
-6.055213883519172668e-02
2.650411333888769150e-03
-8.630345761775970459e-02
6.478273123502731323e-02
-5.321568250656127930e-02
3.259172290563583374e-02
-1.108414027839899063e-02
-3.432649746537208557e-02
1.400519162416458130e-02
1.088391616940498352e-01
-1.736922264099121094e-01
1.137843355536460876e-01
3.979880362749099731e-03
8.319956064224243164e-02
3.453081101179122925e-02
1.279684249311685562e-02
-1.139572784304618835e-01
-8.478890359401702881e-02
1.001986488699913025e-01
-2.152299135923385620e-01
2.523795366287231445e-01
1.642313599586486816e-01
7.253330200910568237e-02
1.176660805940628052e-01
9.480217844247817993e-02
7.683266699314117432e-02
-4.012182354927062988e-03
-6.729854643344879150e-02
-2.577822804450988770e-01
5.946941301226615906e-02
1.376452296972274780e-01
-9.811485558748245239e-02
1.010754704475402832e-01
-2.283194568008184433e-03
