-1.327135562896728516e-01
6.481321156024932861e-02
4.184985067695379257e-03
-4.256514459848403931e-02
-5.613961443305015564e-02
-9.994958341121673584e-02
-8.500847965478897095e-02
-1.641845256090164185e-01
7.358419150114059448e-02
-7.678382843732833862e-02
2.869755923748016357e-01
-8.170698583126068115e-02
-1.543860882520675659e-01
-1.447519510984420776e-01
-2.377340570092201233e-02
1.681962013244628906e-01
-2.160148471593856812e-01
-1.137063577771186829e-01
-4.183418303728103638e-02
-6.053477525711059570e-02
4.700658470392227173e-02
-3.530956059694290161e-02
4.942503944039344788e-02
9.164310991764068604e-02
-3.468485176563262939e-02
-3.076970577239990234e-01
-1.239002868533134460e-01
-1.459145545959472656e-01
5.146538838744163513e-02
-5.097059532999992371e-03
-3.754381835460662842e-02
-2.623336622491478920e-03
-1.937077939510345459e-01
-9.539142251014709473e-02
5.440327897667884827e-02
2.024388499557971954e-02
-2.305361069738864899e-02
-2.732110396027565002e-02
1.974243521690368652e-01
-6.626021116971969604e-02
-1.618255227804183960e-01
1.044688560068607330e-02
1.126475036144256592e-01
2.406356781721115112e-01
1.777596771717071533e-01
7.004614174365997314e-02
1.911344937980175018e-02
-1.437631845474243164e-01
1.141828000545501709e-01
-1.019460409879684448e-01
6.647933274507522583e-02
1.370030492544174194e-01
1.154609620571136475e-01
4.380973055958747864e-02
-1.498970482498407364e-02
-1.375285238027572632e-01
3.211523592472076416e-02
1.282047033309936523e-01
-1.645246595144271851e-01
3.747925162315368652e-02
9.320529550313949585e-02
-5.865759029984474182e-02
-8.632487058639526367e-02
-7.731655985116958618e-02
2.788721919059753418e-01
1.306609511375427246e-01
-1.263430863618850708e-01
-2.516166865825653076e-01
1.120068132877349854e-01
-1.446474492549896240e-01
-7.842338085174560547e-02
8.946553617715835571e-02
-1.708539724349975586e-01
-1.669857352972030640e-01
-2.824704349040985107e-01
2.151388116180896759e-02
3.589258193969726562e-01
4.916904866695404053e-02
-1.894391030073165894e-01
5.293753370642662048e-02
-5.695070326328277588e-02
-3.961179032921791077e-02
1.182868406176567078e-01
1.528059393167495728e-01
-2.738358080387115479e-02
1.034624781459569931e-02
-9.048048406839370728e-02
-4.690414667129516602e-02
1.687499731779098511e-01
-7.214109599590301514e-02
-2.880571223795413971e-02
1.754153966903686523e-01
-2.347583509981632233e-02
4.070998728275299072e-02
4.670606181025505066e-02
2.146274782717227936e-02
-9.632979333400726318e-02
3.288716077804565430e-02
-1.584933102130889893e-01
-4.401581734418869019e-02
-2.657816745340824127e-03
-1.046023331582546234e-03
-1.939997449517250061e-02
4.464036226272583008e-02
-1.110838130116462708e-01
1.005155816674232483e-01
-6.365195382386445999e-03
2.662761136889457703e-02
-3.629794344305992126e-02
-4.272629693150520325e-02
-7.252568751573562622e-02
-8.989163488149642944e-02
1.110777035355567932e-01
-2.014334797859191895e-01
2.172655016183853149e-01
1.341602504253387451e-01
1.286535263061523438e-01
1.349186748266220093e-01
1.152760237455368042e-01
9.676600247621536255e-02
-1.895786449313163757e-02
9.893624112010002136e-03
-2.050477713346481323e-01
1.641796529293060303e-02
1.050803810358047485e-01
-4.019420593976974487e-02
9.647718816995620728e-02
-2.102554589509963989e-02
