-1.554879099130630493e-01
9.146776795387268066e-02
3.064646571874618530e-02
3.028197446838021278e-03
-5.310673266649246216e-02
-8.452879637479782104e-02
-2.229243330657482147e-02
-1.658080667257308960e-01
7.497398555278778076e-02
-5.790370330214500427e-02
2.922576069831848145e-01
-7.492227852344512939e-02
-1.427610069513320923e-01
-1.495252102613449097e-01
3.699276968836784363e-02
1.415568739175796509e-01
-2.073703259229660034e-01
-9.060220420360565186e-02
2.599169127643108368e-02
-1.331320218741893768e-02
1.269763112068176270e-01
-2.523250412195920944e-03
-1.549446955323219299e-03
1.045419797301292419e-01
-1.231708452105522156e-01
-4.020100235939025879e-01
-8.010070025920867920e-02
-1.211266517639160156e-01
5.851851776242256165e-02
-4.910151660442352295e-02
-2.785393036901950836e-03
8.486947417259216309e-02
-1.230945736169815063e-01
-4.663972929120063782e-02
4.513870924711227417e-02
5.199844390153884888e-02
1.811703294515609741e-02
-1.499308273196220398e-04
2.047166526317596436e-01
4.168893210589885712e-03
-2.563667893409729004e-01
1.016527712345123291e-01
6.279878318309783936e-02
3.068642914295196533e-01
1.717834472656250000e-01
3.622046113014221191e-02
4.993502050638198853e-02
-7.786141335964202881e-02
1.052547991275787354e-01
-1.422466933727264404e-01
-1.879681646823883057e-02
1.317137032747268677e-01
1.442723125219345093e-01
-4.165993630886077881e-02
-2.316595241427421570e-02
-1.506164819002151489e-01
-5.940146371722221375e-02
2.672332152724266052e-02
-2.344449907541275024e-01
6.136065721511840820e-02
8.650758117437362671e-02
-1.216880530118942261e-01
-2.143075689673423767e-04
-5.198581144213676453e-02
1.911819130182266235e-01
6.311132758855819702e-02
-1.510451287031173706e-01
-1.124430075287818909e-01
1.060762032866477966e-01
-1.591674685478210449e-01
-5.228560790419578552e-02
5.360002815723419189e-02
-1.589952856302261353e-01
-2.367922067642211914e-01
-2.793507874011993408e-01
5.583902820944786072e-02
4.149481058120727539e-01
8.946102857589721680e-02
-2.218851447105407715e-01
4.645638167858123779e-02
-6.232727319002151489e-02
-9.816639125347137451e-03
1.222764924168586731e-01
1.971690058708190918e-01
1.616522297263145447e-02
-1.238882355391979218e-02
-6.753782182931900024e-02
-2.497797831892967224e-02
1.781937032938003540e-01
-2.653569541871547699e-02
-2.458029240369796753e-02
2.380249500274658203e-01
6.728726439177989960e-03
7.868217676877975464e-02
1.509488932788372040e-02
1.978510292246937752e-03
-9.821907430887222290e-02
6.656378507614135742e-03
-1.069760993123054504e-01
-3.459051251411437988e-02
-8.570763468742370605e-02
-5.621251463890075684e-02
4.759979993104934692e-02
1.008248329162597656e-01
-2.073176503181457520e-01
1.775021851062774658e-01
2.527886815369129181e-02
8.486173115670681000e-03
3.403464797884225845e-03
7.668083161115646362e-02
-5.517830699682235718e-02
-7.328464090824127197e-02
7.773420959711074829e-02
-2.372153699398040771e-01
1.795000135898590088e-01
2.199425697326660156e-01
1.166316345334053040e-01
1.729790568351745605e-01
9.267626702785491943e-02
3.393533825874328613e-02
1.647024974226951599e-02
2.225755527615547180e-02
-1.625964641571044922e-01
-8.498025126755237579e-03
7.416531443595886230e-02
-6.945735961198806763e-02
7.975938171148300171e-02
-3.713654726743698120e-02
