-8.350919187068939209e-02
3.515434265136718750e-02
2.279891818761825562e-02
-3.980089351534843445e-02
-6.775139272212982178e-02
-8.564793318510055542e-02
-7.465918362140655518e-02
-1.160278171300888062e-01
1.686032712459564209e-01
-1.578682065010070801e-01
2.000655382871627808e-01
-8.351244032382965088e-02
-2.065656036138534546e-01
-7.561518251895904541e-02
-5.359881371259689331e-02
1.752540916204452515e-01
-1.768333464860916138e-01
-1.370802074670791626e-01
2.743992581963539124e-02
-1.368397846817970276e-03
9.598638862371444702e-02
-2.401640266180038452e-02
-5.872740410268306732e-03
5.553901568055152893e-02
-1.043397635221481323e-01
-3.334057927131652832e-01
-1.248526424169540405e-01
-9.614726901054382324e-02
-6.085169501602649689e-03
-7.274452596902847290e-03
-1.898333616554737091e-02
1.082880422472953796e-02
-1.755478233098983765e-01
-1.480957306921482086e-02
2.368348650634288788e-02
6.529143452644348145e-02
1.796935871243476868e-02
-1.232328731566667557e-02
1.947893798351287842e-01
1.516897603869438171e-02
-2.279570698738098145e-01
1.540102623403072357e-02
1.420728303492069244e-02
2.201249152421951294e-01
1.149821579456329346e-01
8.546105027198791504e-02
2.950245887041091919e-02
-1.681404411792755127e-01
1.426329016685485840e-01
-1.160253137350082397e-01
6.651837378740310669e-02
1.335184872150421143e-01
1.229859292507171631e-01
5.123754590749740601e-02
1.603368297219276428e-02
-1.390472799539566040e-01
4.577167332172393799e-02
6.957913190126419067e-02
-1.418772488832473755e-01
1.365808397531509399e-02
9.788858145475387573e-02
-3.838498517870903015e-02
3.454627469182014465e-03
-9.177654981613159180e-02
2.635100483894348145e-01
1.059397822245955467e-03
-1.319537162780761719e-01
-1.702930480241775513e-01
1.247653365135192871e-01
-1.661901921033859253e-01
-9.827383607625961304e-02
5.844217538833618164e-02
-1.265360862016677856e-01
-1.667671054601669312e-01
-3.412148654460906982e-01
1.781612634658813477e-02
4.151705503463745117e-01
1.278146207332611084e-01
-1.867080628871917725e-01
8.057291805744171143e-02
-7.444646209478378296e-02
-3.382206708192825317e-02
1.209933087229728699e-01
1.646966636180877686e-01
7.391991093754768372e-03
5.140658095479011536e-02
-7.299523800611495972e-02
-5.730837211012840271e-02
2.175942957401275635e-01
-7.949516922235488892e-02
-4.440727829933166504e-02
1.555823087692260742e-01
-1.277632825076580048e-02
1.367385834455490112e-01
-2.594673261046409607e-02
-4.243055358529090881e-02
-8.563346415758132935e-02
3.987085074186325073e-02
-7.406907528638839722e-02
-1.082203350961208344e-02
-2.821301482617855072e-02
4.608213901519775391e-03
-1.541722193360328674e-02
7.057604938745498657e-02
-1.771718412637710571e-01
1.638359725475311279e-01
1.498805079609155655e-02
-8.581980131566524506e-03
-2.785541117191314697e-02
1.008900478482246399e-01
-1.402138322591781616e-01
-7.470805943012237549e-02
1.012387722730636597e-01
-2.737863063812255859e-01
2.121373862028121948e-01
1.553400605916976929e-01
1.210597902536392212e-01
1.494845002889633179e-01
1.075275987386703491e-01
1.034720242023468018e-01
-2.989734709262847900e-02
1.504048239439725876e-02
-1.965770870447158813e-01
-5.121066421270370483e-02
8.850666135549545288e-02
-2.393996156752109528e-02
1.300694346427917480e-01
2.746640890836715698e-02
